1111110000000000111111000000000011111100000000001111110000000000111111000000000011111100000000001111110000000000111111000000000011111100000000001111110000000000011111000000000000111100000000000001110000000000000011000000000011111101111111111111110000000000 0.008366 145.350227
1111111111110000111111111111000011111111111100001111111111110000111111111111111011111111111111101111111111111110111111111111111011111111111111101111111111111110000000000000000000000000000000000000000000000000000000000000000000000000000000000000000000000000 0.008362 211.241330
1111111111111110111111111111111011111111111111101111111111111110111111111111111011111111111111100001111110000000000111111000000000011111100000000001110000000000000111000000000000011100000000000001110000000000000111000000000000011100000000000001110000000000 0.008369 197.299558
0111111111100000011111111110000000000000000000000000000000000000011111111111111101111111111111110111111111111111000000111111111100000011111111110000000000000000000000000000000000000011111111110000001111111111000000111111111100000000000001110000000000000111 0.008359 185.285321
1000000000000000110000000000000011100000000000001111000000000000111110000000000011111100000000001111111000000000111111110000000011111111100000001111111111000000111111111110000011111111111000001111111111110000111111111111100011111111111111001111111111111110 0.008358 200.622158
1111111111111100111111111111110011111111111111000111111111111100001111111111110000011111111111000000111111111100000001111111110000000011111111000000000111111100000000001111110000000000011111000000000000111100000000000001110000000000000011001111111111111101 0.008369 224.829729
0000000000000010000000000000001000000000000000101111111111111110000000000000001000000000000000000000000000000000000000000000000000000000000000000000000000000000000000000000000000000000000000000000000000000000000000000000000000000000000000000000000000000000 0.008363 29.080474
0000000000000000000000000000000000000000000000000000000000000000000000000000000000000000000000000000000000000000000000000000000000000000000000000000000000000000000000000000000001110000001110000111000000111000011100000011100001111111111111110111111111111111 0.008372 73.387482
0111111111000111011111111100011101111111110001110111111111000111011111111100011100001111110001110000111111000111000011111100011101111111111111110111111111111111011111111111111101111111111111110111111111111111011111111111111100001111110001110000111111000111 0.008332 299.567931
0111111111111111011111111111111101111111111111110000000001111111000000000111111100000000011111110000000001111111000000000111111100000000011111110000000001111111000000000000000000000000000000000000000000000000000000000000000000000000000000000000000000000000 0.008331 144.424439
0000000000000000000000000000000000000000000000000000000111000000000000011100000000000001110000000111111111111111011111111111111101111111111111110111111111111111011111111111111101111111111111110000111111111000000011111111100000001111111110000111111111111111 0.008361 215.859347
0000000000000000000000000000000000000000000000000000000000000000000000000000000001111111111111110111111111111111011111111111111100000000000000000000000000000000000000000000000001111111111110000111111111111000011111111111100000000000000000000000000000000000 0.008368 123.900574
0000000000000000000000000000000000000000000000000000000000000000000000000000000000000000000000000000000000000000000000000000000000000000000000000000000000000000000000000000000011111111000000001111111100000000000111111111111000011111111111101111111111111110 0.008360 84.210526
0000000000000000000000000000000000000000000000000000000000000000000000000000000000000000000000000000000000000000000000000000000000000000000000001111111111111110111111111111111011111111111111101111111110001110111111111000111011111111100011100000000000000000 0.008361 124.004306
0000000000000000111110011111100011111001111110001111100111111000111110011111100011111001111110001111100111111000000001111111111000000111111111101111111111111110111111111111111011111111111111101111111111111110000000000000000000000000000000000000000000000000 0.008327 224.426564
1110000000000000000000000000000000000000000000001111111111111110111111111111111011111111111111100001111111111110000111111111111000000000000000000000000000000000000000000000000000000000000000000000000000000000000000000000000000000000000000000000000000000000 0.008367 110.147006
0000000000000000000000000000000000000000000000000000000000000000000000000000000000000000000000000000000000000000111111111111101111111111111110111111111111111011111111111111101111111111111110110000000000000000111111111111101111111111111110110000000000000000 0.008368 160.611855
0000000000000000000000000000000001111111111111110111111111111111011111111111111101111111111111110111111111111111011111111111111101111111111111110111111111111111011111111111111100000000000000000000000000000000000000000000000000000000000000000000000000000000 0.008377 206.279098
1111111111111110111111111111111011111111111111101111111111111110111111111111111011111111111111101111111111111110111111111111111011111111111111101111111111111110111111111111111011111111111111101111111111111110111111111111000011111111111100001111111111110000 0.008370 353.261649
0001111111111100000011111111110000001111111111000000011111111100000000111111110000000001111111000000000011111100000000000111110000000000001111000000000000011100000000000000110011111111111111011111111111111100111111111111110011111111111111001111111111111100 0.008360 223.540670
0000000000000000000000000000000000000011100000000000001110000000000000111000000000011111100000000001111110000000000111111000000000011111111111100001111111111110000111111111111011111111111111101111111111111110111111111111111011111111111100001111111111110000 0.008331 202.808786
1111011111111111111101111111111111110111111111111111011111111111000000000000000011110111111111110000000000000000111101111111111111110111111111111111011111111111000000000000000011110111111111111111011111111111000000000000000000000000000000000000000000000000 0.008368 229.445507
